400,49
400,48
400,47
400,46
400,45
400,44
400,43
400,42
400,41
400,40
400,39
400,38
400,37
400,36
400,35
0,319
0,316
0,315
0,314
0,313
0,312
0,308
0,304
0,302
0,446
0,445
0,443
0,428
0,427
0,416
0,413
0,412
0,410
0,408
0,404
0,394
0,391
0,390
0,389
0,388
0,387
0,384
0,510
0,507
0,505
0,504
0,503
0,500
0,499
0,498
0,497
0,496
0,494
0,488
0,487
0,484
0,482
0,243
0,472
0,386
0,273
0,270
10,258
10,194
10,34
10,256
10,80
10,232
10,306
10,18
9,4
9,6
8,9
8,15
8,6
8,18
8,17
8,14
8,12
388,4
388,3
388,1
386,4
386,3
386,1
384,4
384,3
384,1
382,4
382,3
382,1
381,3
381,1
380,4
380,3
380,1
378,3
378,1
374,4
374,3
374,1
20,3
20,2
20,1
12,3
12,2
12,1
19,2
11,29
11,28
19,1
19,3
11,27
11,26
11,25
11,24
11,23
11,22
11,21
11,20
11,19
11,18
11,17
11,16
11,15
11,14
11,13
11,12
11,11
11,10
11,9
11,8
11,7
11,6
11,5
11,4
11,3
